2762468
2760558
2758608
2751876
2751116
2754022
2754444
2753733
2748058
2747308
2747070
2748037
2745164
2759048
2756124
2759989
2762353
2760389
2760446
2760561
2757950
2757650
2759075
2755714
2752131
2758565
2758000
2758156
2757047
2757007
2761778
2762221
2759441
2758354
2759303
2760384
2760273
2765381
2764130
2760540
2763505
2762831
2774005
2781057
2783153
2781783
2779988
2778437
2780147
2779731
2780844
2781512
2782540
2780412
2784394
2780168
2783786
2790586
2789808
2791560
2788448
2799635
2800102
2798011
2799908
2803733
2804516
2801178
2800248
2800878
2805988
2804360
2800598
2803073
2804414
2817690
2786984
2785164
2784070
2784959
2784577
2786791
2784942
2783518
2781059
2782657
2784594
2782594
2781762
2780053
2783465
2779026
2774243
2775238
2771653
2771402
2772734
2770879
2776797
2773319
2772811
2771917
2769604
2774862
2777093
2776560
2777497
2776492
2775442
2778847
2780236
2778769
2779066
2777397
2777256
2774821
2782782
2780632
2778550
2779985
2783968
2781521
2786314
2789886
2786951
2782295
2780660
2781057
2785255
2786625
2785880
2784359
2784451
2784497
2783100
2781312
2779633
2777957
2776209
2771577
2772578
2780407
2780152
2780056
2784136
2780945
2779154
