27144.13
27175.71
27162.41
27144.26
27161.47
27170.04
27142.54
27119.64
27102.72
27084.76
27084.44
27085.87
27018.46
27038.89
27014.61
26981.57
26948.92
27011.86
27036.54
27087.4
27125.32
27119.96
27084.69
27089.98
27142.89
27116.28
27287.27
27271.58
27170.42
27147.27
27225.36
27119.47
27066.05
27139.52
27200.05
27160.2
27149.76
27038.02
27014.17
26987.25
27006.78
26964.8
26947.05
26937.86
26955.18
26986.03
26985.8
26948.87
26949.07
26960.84
26977.94
26959.15
26973.17
26991.21
26980.44
26945.51
26949.36
26953.6
26950.27
26965.54
26979.53
27000.42
27004.01
26993.95
26967.24
26947.69
26978.87
27013.86
26948.77
26960.19
26939.43
26928.06
26891.28
26885.63
26892.72
26894.99
26904.86
26903.9
26905.1
26912.35
26905.12
26888.82
26877.88
26861.3
26815.5
26813.64
26851.66
26841.38
26852
26875.04
26869.9
26880.51
26893.13
26883.6
26884.91
26885.89
26891.64
26907.83
26894.62
26892.76
26862.89
26846.18
26860.3
26838.42
26841.16
26818.34
26817.41
26816.85
26802.14
26823.19
26812.86
26822.16
26803.25
26776.71
26775.22
26782.47
26793.75
26772.95
26785.13
26820.83
26804.08
26773.27
26907.36
26940.93
26947.42
26958.76
26947.66
26948.62
26927.77
26894.54
26910.73
26878.44
26876.47
26883.93
26882.72
26874.25
26881.67
26890.71
26892.44
26903.26
26898.66
26886.28
26876.79
26890.46
26868.73
26867.38
26847.8
26848.72
26827
26829.05
26814.97
26816.36
26821.49
26826.67
